Type static
	Chunck		Time
	0			0.0496665
	1			0.038308166666666664
	2			0.037198666666666665
	3			0.036154
	4			0.04165633333333332
	5			0.036136166666666664
	6			0.034549333333333335
	7			0.03635433333333333
	8			0.03429666666666667
	9			0.03405216666666667
	10			0.03353933333333333
	100			0.03527933333333333
	500			0.036540500000000004
	1000		0.043481500000000006

Type dynamic
	Chunck		Time
	0			0.11989433333333332
	1			0.11825466666666667
	2			0.093717
	3			0.07976766666666667
	4			0.05976633333333334
	5			0.054440833333333334
	6			0.04522366666666666
	7			0.04193783333333334
	8			0.029365000000000002
	9			0.036858
	10			0.03384116666666667
	100			0.029777333333333333
	500			0.03080983333333333
	1000		0.03534

Type guided
	Chunck		Time
	0			0.046433833333333334
	1			0.04574333333333333
	2			0.049390333333333335
	3			0.04471783333333334
	4			0.0474235
	5			0.043508500000000006
	6			0.045752666666666664
	7			0.044643999999999996
	8			0.04359
	9			0.04257966666666666
	10			0.051701833333333336
	100			0.0473345
	500			0.04436333333333334
	1000		0.046431

